Strain_x Strain_y Strain_z Stress_xx(GPa) Stress_yy(GPa) Stress_zz(GPa) Stress_VM(GPa)
0.00400000000000053 -0.0134243099361736 0.0142303538927185 2.36366260654343 0.0399266131259389 0.00155364924861208 2.34315814421403
0.00450000000000052 -0.0137451827657287 0.0142181545427512 2.44301070059905 0.0329283932874711 0.0105098933301404 2.42136939504493
0.0050000000000005 -0.0140184333302497 0.0141630603898867 2.493751118234 0.0472907962693935 0.00562365953988042 2.46755775088832
0.00550000000000049 -0.0143474400412372 0.0141118352557865 2.54693844273053 0.0459479275038926 -0.0011514121284562 2.52486968114027
0.00600000000000048 -0.0147010666963532 0.0140876944629789 2.60381447429758 0.0367998128438873 0.00288119576788649 2.58414092727794
0.00650000000000047 -0.0150245182218728 0.0140600388938477 2.66186804386267 0.035542692374751 0.00884242184798696 2.63977676209379
0.00700000000000045 -0.0153318466923737 0.0139959688914012 2.72367256844217 0.0268204638588136 0.0101417494415241 2.70523002341544
0.00750000000000044 -0.015616139161104 0.0139259957808394 2.78528527982918 0.0365069573128892 -0.00173312374635721 2.76809647158509
0.00800000000000043 -0.0159279645278138 0.0138965792287342 2.84824998704587 0.0326932594286408 -0.00289469445863425 2.83351832390087
0.00850000000000063 -0.0162482850602226 0.0138839549856701 2.90197490237047 0.0379116702541442 0.00528651150482093 2.88051438395296
0.00900000000000062 -0.0165916179746802 0.0138424574479856 2.94768657335914 0.0313700165209362 0.014914844384911 2.9245788625586
0.0095000000000006 -0.0169137476803156 0.0137392364464587 2.99315195814451 0.0262870296810297 0.00834692492819884 2.97587553817516
0.0100000000000006 -0.0172150309491229 0.0136582646320575 3.04100330218194 0.0336602273242548 -0.00961225670742441 3.02921113211894
0.0105000000000006 -0.0175534199042361 0.0136578351734415 3.10166632075574 0.0326287293381234 0.00282586303196935 3.08404702710579
0.0110000000000006 -0.0178851459574955 0.013639756411905 3.15830099226124 0.0175311013789052 0.0136918834477538 3.14269125864283
0.0115000000000006 -0.0181490778652016 0.013545053410248 3.21723448912789 0.0175507354938433 0.0154164625840025 3.20075142376692
0.0120000000000005 -0.0184011741310169 0.013427924957879 3.26656866360989 0.0347193926363172 -0.010194053259899 3.25453843352499
0.0125000000000005 -0.0187373899087125 0.0134047836984682 3.3057879950355 0.0375952222157063 -0.00172451694666802 3.28802897334542
0.0130000000000005 -0.0191290785697881 0.0134022439323423 3.34826840950804 0.0291184464497771 0.00485962104901125 3.33134562111353
0.0135000000000005 -0.0194836805956045 0.0133734903089116 3.3888106380558 0.0186485199831295 0.0149447136389405 3.37201554683655
0.0140000000000005 -0.0197787260614579 0.013286085439266 3.44466143623855 0.0241678533365719 0.0102709726424824 3.42746315300444
0.0145000000000005 -0.0200668744987605 0.0131909620785893 3.49371352215875 0.021764918033602 -0.0039703183824467 3.48488749176089
0.0150000000000005 -0.0203445220325029 0.0131503851855941 3.55279539955914 0.0348149595733457 0.00281685692367155 3.53408813612989
0.0155000000000005 -0.0206800119781708 0.0131112775855982 3.59511689298061 0.0336587123346239 -0.00139948492372204 3.57911605750773
0.0160000000000004 -0.0210569284230538 0.0130744342921443 3.62367325032973 0.0284353182164492 0.0106552135685718 3.60416087699959
0.0165000000000004 -0.0214147139232929 0.0130126850796095 3.66775214503757 0.0160945400697792 0.000863261136669449 3.6592970187355
0.0170000000000006 -0.021693522490514 0.0129647832809942 3.72504200077892 0.018922843787087 0.00772646609023348 3.71173001100115
0.0175000000000006 -0.0219633217941613 0.0128959419438513 3.7654233835206 0.037903900104503 0.00912287069402361 3.74199301105452
0.0180000000000006 -0.0223326924558507 0.0128178168023364 3.78225729222366 0.0446880494836803 -0.00499419250080593 3.76265637402568
0.0185000000000006 -0.022767755900929 0.0127929573791892 3.79292098788911 0.0336510142666601 -0.000301521178691102 3.77636071585734
0.0190000000000006 -0.0231562307667316 0.0127782312515154 3.83576353371737 0.0111007322676957 0.00757030010853813 3.82642923902903
0.0195000000000006 -0.0234274976931778 0.0127138509299521 3.89343839048701 0.0170189780291718 0.018876347956026 3.87549106130597
0.0200000000000005 -0.023663614596719 0.0125833335867289 3.94160142669375 0.0263493668681363 0.00776817901268448 3.92457564413478
0.0205000000000005 -0.0239391498781509 0.0124860027548195 3.99053815003694 0.0332931121697894 -0.00524997119185168 3.97665667167486
0.0210000000000005 -0.0242968091806834 0.0124631188456902 4.01586653618048 0.0484777771160732 0.00586232444018757 3.98886722143845
0.0215000000000005 -0.0247381668468076 0.0124274743258413 4.02143794174417 0.0300599041053738 0.0111921486653102 4.0008452827151
0.0220000000000005 -0.0251278421552569 0.0123462426605685 4.03975078278888 0.0146763711154995 0.00686546912207288 4.0289855412304
0.0225000000000005 -0.0254231229840874 0.01226983364 4.07452084627051 0.0330817876734338 0.00322184954059346 4.05645145422901
0.0230000000000005 -0.0257528610831658 0.0122136972894213 4.10940138011164 0.034962248346221 0.00341731448532494 4.09030282916136
0.0235000000000005 -0.0261061211917622 0.012167459370764 4.14352118440086 0.021746782226577 -0.00336565165075701 4.1343878197245
0.0240000000000004 -0.0264179628227502 0.0121323256342285 4.18526213859981 0.0257316872127583 0.0138646659512047 4.16547664001546
0.0245000000000004 -0.0267384941896191 0.0120454473499419 4.20977592094459 0.0370631250454465 0.00327793046582057 4.18970755902695
0.0250000000000004 -0.027109438368466 0.0119734792479477 4.23236866729512 0.0357318129890068 0.00321778546245437 4.2129879675957
0.0255000000000006 -0.0274987037964149 0.011915763818282 4.2513385721196 0.0231379331769005 0.00529902825032914 4.23714825547714
0.0260000000000006 -0.02784549534674 0.0118581495303784 4.28387766469697 0.0279300706719516 0.00978091368860849 4.26505113404088
0.0265000000000006 -0.0281687949603723 0.0117814520408259 4.30552517271679 0.0324358856059572 0.0104635983888066 4.28411769004399
0.0270000000000006 -0.0284927502850785 0.0116852518297579 4.32939170830487 0.0334624794033524 0.0119648354515517 4.30671829185877
0.0275000000000006 -0.0288378811791459 0.0115882838387571 4.34922734411574 0.0309603118600871 -0.00318442009145901 4.3354402423396
0.0280000000000006 -0.0292055626718688 0.0115497258257991 4.36231518939325 0.0371304745994278 0.00228200006109668 4.342713820029
0.0285000000000005 -0.029584600909484 0.0115090488035172 4.38607371753659 0.0250236619778041 0.010425058275543 4.36836765254553
0.0290000000000005 -0.0299209674734911 0.0114359924373472 4.42523614750707 0.0249097763375113 0.0010425919209006 4.41230837728917
0.0295000000000005 -0.0302515069107695 0.0113815174693547 4.43998364859824 0.0474382153180126 0.00761910268371882 4.41258973920316
0.0300000000000005 -0.0306605174126052 0.0113151209709824 4.44327733724294 0.0329988639631713 0.00673349127887909 4.42346964377731
0.0305000000000005 -0.0310459102060433 0.0112394902413658 4.44441278390339 0.0255813795342369 0.0120715669870105 4.42560177594245
0.0310000000000005 -0.031385752324113 0.0111433430882562 4.47085296868747 0.0304171569203203 0.0098113320652687 4.45077449901245
0.0315000000000005 -0.031724213268424 0.0110556694796138 4.48966274456903 0.0391344049393306 -0.00116868522372352 4.47081613196842
0.0320000000000005 -0.0321015578323115 0.0110078827504651 4.49529530996233 0.0405406613582303 0.00744849155933943 4.47139257594386
0.0325000000000004 -0.032494221027967 0.0109549281035301 4.50412017372661 0.0188996963042559 0.00944293914302396 4.48995632520121
0.0330000000000006 -0.0328055356844549 0.0108813364667526 4.52864254760608 0.031297592020453 0.0119629810535195 4.50704336475844
0.0335000000000006 -0.0331359561771628 0.0107786348303452 4.54368274687813 0.0450325414779974 0.00189138522455707 4.5203751836933
0.0340000000000006 -0.03354615666813 0.0107109893346813 4.54028485884548 0.0403801645706361 0.000468882675603001 4.51999249255275
0.0345000000000006 -0.0339626813975232 0.0106723604991706 4.55283413156434 0.0262097852326699 0.00279386365714924 4.53837761307732
0.0350000000000006 -0.0343317267020799 0.0106169237323676 4.56549592207098 0.0284818507235985 0.0122344168802615 4.54515956801091
0.0355000000000006 -0.0346785442936683 0.0105170265983084 4.569202811581 0.0366091889599418 0.00493199532784215 4.54851494866851
0.0360000000000006 -0.0350451507899792 0.0104341576600545 4.57395231224551 0.0368637275832301 0.00405910377261959 4.55357952084197
0.0365000000000006 -0.0354452989375312 0.0103695480901721 4.57715926472299 0.0403896045672309 0.00548541090747369 4.55432207236737
0.0370000000000005 -0.0358610492800911 0.0103099902505244 4.57540347958016 0.0336206768823549 0.00703995359182996 4.55513133001194
0.0375000000000005 -0.0362426282699859 0.0102412615379624 4.57049020575144 0.0328758305316355 0.0115689666657369 4.54830523738436
0.0380000000000005 -0.0366125903968042 0.0101498645124395 4.57903958511365 0.0311660770632483 0.00238254609962299 4.56233337173195
0.0385000000000005 -0.0369703629966891 0.0100780115722838 4.58866319202199 0.0306524003838078 0.00750936412518333 4.56962626325562
0.0390000000000005 -0.0373241238325555 0.00999361584303729 4.59202315983927 0.0439368288885109 0.00673148687628146 4.56680266912197
0.0395000000000005 -0.0377361184207362 0.00990918764360642 4.58921104495539 0.04372967870448 0.00699654466164169 4.56395880244186
0.0400000000000005 -0.0381727253099648 0.00982471674012405 4.55566625748155 0.0481792657794027 0.00517953987002056 4.52913994727207
0.0405000000000005 -0.0386420417904403 0.00976268955415672 4.5274368426924 0.04733602428203 0.00196602799142392 4.50295724354535
0.0410000000000004 -0.0391036865373838 0.00971200987962985 4.50872885479388 0.0309300716391934 0.0119243940568484 4.48733180834148
0.0415000000000006 -0.0394865115790525 0.00963371435807702 4.51935570848849 0.0341238727314247 0.0108012490823776 4.49693850740108
0.0420000000000006 -0.0398581248802053 0.00954222792580041 4.50560605411113 0.0486625273241385 0.00627383842101518 4.47828833311692
0.0425000000000006 -0.0402753073692868 0.00946034566825585 4.4925871125275 0.0399628150538644 0.00409537839244339 4.47066592661898
0.0430000000000006 -0.0406800432896299 0.00939475522935267 4.4864187330354 0.0366444791478541 0.00924215707519113 4.46353850045803
0.0435000000000006 -0.0410535262247051 0.00930856857573032 4.49156369467883 0.030858731707429 0.0108082729120978 4.47076391331882
0.0440000000000006 -0.0414105998211267 0.00919859460156784 4.46972884270289 0.0528661101359253 0.00680403526879649 4.44007296955189
0.0445000000000006 -0.0418561412859703 0.00910126909487499 4.44455943511079 0.0516758224188987 0.000312810648854886 4.41878901129463
0.0450000000000005 -0.0423426896028793 0.00904601863771797 4.40771048986662 0.0423714677906894 0.00601383039605015 4.38363092295931
0.0455000000000005 -0.0427681455557249 0.00897697511225828 4.39467083867479 0.0235963438284973 0.0143733081555594 4.37569330276675
0.0460000000000005 -0.0430970248819015 0.0088658828736473 4.39662547927387 0.0435693187307181 0.00699539667029566 4.37145787184984
0.0465000000000005 -0.0434704446764149 0.00876017270883032 4.37807995066501 0.0499058094534072 0.0110751556436614 4.34771952269621
0.0470000000000005 -0.0439026404771786 0.0086458119420877 4.34600109861148 0.0445663885755433 0.00847380257030363 4.31959409455152
0.0475000000000005 -0.0443327893674933 0.00854773350176057 4.32934543661281 0.0356935636112984 0.00278071914969551 4.31020254258756
0.0480000000000005 -0.0447370000314527 0.00846939263027954 4.3128181282215 0.0424317698474734 0.0130175768969529 4.28516916968892
0.0485000000000005 -0.0451364592782163 0.00835653710868914 4.28644886161511 0.0414696704170833 0.0106112291351323 4.26049222722179
0.0490000000000004 -0.0455308779488876 0.00824239573226073 4.26451627956724 0.0444058999385052 0.00829604199338436 4.23828068023015
0.0495000000000004 -0.0459400052571452 0.00815460053721414 4.24600603996796 0.0455245583888566 0.00448303886220079 4.22115188380632
0.0500000000000006 -0.0463783308581384 0.00807890072706161 4.2175059437745 0.0400375954550811 0.015224019390036 4.18993024326039
0.0505000000000006 -0.0467996572099443 0.00796724221287744 4.18055858894445 0.0427071231872559 0.00974996504416066 4.15442808964982
0.0510000000000006 -0.0472214386431341 0.00785748973007207 4.15187868198768 0.0450453568890508 0.00772093162633674 4.12562216718532
0.0515000000000006 -0.0476498089371424 0.0077478548867979 4.11468676164715 0.0410090145992472 0.0121202833536423 4.0881986653295
0.0520000000000006 -0.0480497718932988 0.00763785215613544 4.10844706686517 0.0349179373871793 0.00740711392604366 4.08735397963745
0.0525000000000006 -0.0484266446331333 0.00754679090889292 4.08529606775699 0.0412364214626089 0.0132494922290244 4.05812549117592
0.0530000000000006 -0.0488142627438379 0.007429809032352 4.06870130522335 0.04782668145296 0.0116445196289454 4.03908725149956
0.0535000000000005 -0.0492379973988792 0.0073096282909976 4.01987498445954 0.0484908858857899 0.00686078715159063 3.99236193695663
0.0540000000000005 -0.049683792248942 0.00721581821542161 3.98422380958401 0.0469575631395763 0.00738272081343561 3.95720208663076
0.0545000000000005 -0.0501134813581535 0.00711352122465652 3.95544903719389 0.0358974862019361 0.0150325862098095 3.93002554140053
0.0550000000000005 -0.050498816336382 0.00698491463479492 3.931648512035 0.0378404264735018 0.0118150579439099 3.90688578248731
0.0555000000000005 -0.0508845273830879 0.00686853377526892 3.89984569782868 0.0530032738535091 0.00323335096875114 3.87196729465916
0.0560000000000005 -0.0513274181871311 0.00677743712031772 3.86532808110414 0.0437980693082363 0.0130309434152928 3.83700609096065
0.0565000000000005 -0.0517481659774393 0.0066686133528001 3.84560979917162 0.0329942353687507 0.00923546640028563 3.82455029628331
0.0570000000000005 -0.0521078315844122 0.00656703621522605 3.83983896858401 0.03817185935707 0.00933659934012596 3.81616644568742
0.0575000000000007 -0.0524720535168416 0.00645751930169581 3.82398298104673 0.0407088083087403 0.0185336618112114 3.79441034447374
0.0580000000000004 -0.0528632399252042 0.00630451834131774 3.77383060773014 0.0516349574636442 0.0115616053744128 3.74239324353396
0.0585000000000006 -0.0533005276295874 0.00616738467647971 3.73497835018937 0.0377838026410724 0.00881375577164213 3.71176436285553
0.0590000000000006 -0.0537175206679252 0.00604605565476978 3.6887303845454 0.042100216982774 0.0136956662316132 3.66091508903805
0.0595000000000006 -0.0541135971431566 0.00591927048580111 3.66830305361008 0.032124955695098 0.0153146192579827 3.64461234212076
0.0600000000000006 -0.0544672979532756 0.00577437240882454 3.63695476516948 0.0402310629020553 0.015936560689643 3.60893228327053
0.0605000000000006 -0.0548314907435691 0.00560531492787001 3.59631016714551 0.0395050156989424 0.018951617931236 3.56712626053194
0.0610000000000006 -0.0552039158311557 0.0054416390558139 3.56964739228888 0.0355137853307541 0.0113705620751257 3.54626685737947
0.0615000000000006 -0.0555667349214772 0.00531394880214884 3.54297296608172 0.0430985564127139 0.0133081832075526 3.51486428111057
0.0620000000000005 -0.0559472344771582 0.00518120284093307 3.51166614826387 0.0331766205651517 0.0198225297665778 3.48518576133977
0.0625000000000005 -0.0563183949107735 0.00502586918464367 3.4782688433373 0.0330647845555406 0.0110562446211483 3.45626088332264
0.0630000000000005 -0.0566741087791556 0.00488668153077484 3.45772395525612 0.0368321934249046 0.0120071603387945 3.43337159066767
0.0635000000000005 -0.057029039489896 0.00475654554760461 3.42625947645998 0.0409414665641069 0.0161937742490237 3.39775945071129
0.0640000000000005 -0.0574212586997565 0.00460945803851912 3.38893065833557 0.0460242826557977 0.00928207066066629 3.36142808958304
0.0645000000000005 -0.0578369586349347 0.00447630828496124 3.34684918107319 0.0364469581272984 0.0102810122106456 3.32356244712489
0.0650000000000005 -0.0582109980375912 0.0043398816284213 3.31970288670912 0.0257899616406619 0.0168464652626699 3.29839376702893
0.0655000000000004 -0.0585361552510599 0.0041871909569136 3.29358075640553 0.0398623005711838 0.0197898649958086 3.26380096614241
0.0660000000000006 -0.0588810556564414 0.00400243694261549 3.26457530906697 0.0318811776078655 0.0191941559515468 3.23905627745841
0.0665000000000004 -0.0592128878736103 0.00380719489493168 3.22585053245959 0.0360275779043597 0.0102536991108098 3.20278767395516
0.0670000000000006 -0.0595586208097283 0.00365813492000593 3.20374725257803 0.033680196873879 0.01687503799795 3.17850295446521
0.0675000000000006 -0.0598893614705518 0.00349551141970369 3.18271350890578 0.0176199674758809 0.0236895590719408 3.16206311461103
0.0680000000000006 -0.0601772740965077 0.00328799441067148 3.1521869398638 0.0484740223475422 0.0163405218788101 3.11990378003865
0.0685000000000006 -0.0605397394435493 0.00310635355452179 3.11510263375604 0.0332653204944979 0.00863634702256297 3.09422531519257
0.0690000000000006 -0.0608909935776931 0.0029589863535589 3.09357691502258 0.0313628851580548 0.0106520504857016 3.07262179772842
0.0695000000000006 -0.0612211007800119 0.0028167999645675 3.06930388682976 0.0320980329064465 0.0169144934110554 3.04482601703551
0.0700000000000005 -0.0615506444757809 0.00264450156698462 3.0388755612118 0.0284408965644078 0.0222984031755055 3.01351060647893
0.0705000000000005 -0.0618728041142921 0.00244768059312666 3.00511876763691 0.0374134035720116 0.0164959850777261 2.97821916610647
0.0710000000000005 -0.0622204177732523 0.00226481179540161 2.9667124698594 0.0355389543584403 0.0107704481686714 2.94363592284017
0.0715000000000005 -0.0625776611967249 0.00210664272116376 2.92589444018614 0.0308826053784633 0.0157472423351597 2.90260911216537
0.0720000000000005 -0.0629145615835395 0.00195590361267767 2.90357475937257 0.0235691440447334 0.0220270186948191 2.88077698757432
0.0725000000000005 -0.0632080686986575 0.00176007960870944 2.87425460289699 0.0219971440926663 0.0289429233057901 2.84879091977385
0.0730000000000005 -0.0634794184201547 0.00152546456819707 2.85551202995367 0.0237376213117755 0.0102967061504689 2.83851873328714
0.0735000000000005 -0.0637559272811102 0.00134097483260695 2.84037650240513 0.0323368380829099 0.0118548472079999 2.81833647940378
0.0740000000000004 -0.064055254220422 0.00117260835777706 2.82766719022304 0.0254175434613624 0.0126391592225245 2.80866064034072
0.0745000000000006 -0.0643518319562771 0.00100552401120855 2.80813997819396 0.0279680458137914 0.0206889071007029 2.78381863931487
0.0750000000000006 -0.0646526373728417 0.000804050809953546 2.77985181299162 0.024991314744263 0.0178181945714058 2.75845405324614
0.0755000000000006 -0.0649557831439686 0.000603630440760956 2.75191688892443 0.0409079789220111 0.00814449953775416 2.7275382380871
0.0760000000000006 -0.0653068764308966 0.000442345512223874 2.72176042803177 0.038268994693964 0.0142050869945547 2.69560394617146
0.0765000000000006 -0.0656678001734666 0.0002879771227759 2.69051907933612 0.0224889875225643 0.014545898021985 2.67201049124119
0.0770000000000006 -0.0659837893473833 0.000141985218884247 2.67166731375042 0.0354521887046137 0.0128659448055906 2.64758050334986
0.0775000000000006 -0.066323446054294 -2.72010744339174e-06 2.64758878728612 0.0347097492418618 0.0170041865686664 2.6217766586737
0.0780000000000006 -0.0666759125610025 -0.000160502910250118 2.62726901424829 0.030748714006311 0.0114851803623129 2.60620546186562
0.0785000000000005 -0.0669910169743611 -0.000321564437801027 2.61172047857395 0.0183418687057783 0.0210200333143173 2.59204056524545
0.0790000000000005 -0.0672595772204267 -0.000503785545676318 2.59426723069708 0.0370818589279257 0.0123064679360909 2.56966264575978
0.0795000000000005 -0.0675820807191974 -0.000659271935719635 2.5811936349968 0.0324264729470821 0.00480080805363187 2.56269167306838
0.0800000000000005 -0.0679025874249145 -0.000780173906893696 2.57924252165935 0.0167372456581463 0.0225716628522005 2.55959305459205
0.0805000000000005 -0.0681657393466847 -0.000958786123643099 2.57271844330305 0.0327149070241467 0.0210337917768139 2.54586419252847
0.0810000000000005 -0.068468351449217 -0.00115287132223776 2.55044754513275 0.0417811419259332 0.00751072437479152 2.52597597558492
0.0815000000000005 -0.0688233381394185 -0.00130149956798472 2.51278005863569 0.0302208682950549 0.0197337720468453 2.48781931616897
0.0820000000000004 -0.0691566215713935 -0.00148182464540456 2.48497434094308 0.0298383438546699 0.0158982411142374 2.46213564587836
0.0825000000000004 -0.0694791520714564 -0.00165151196525708 2.47844726897159 0.0316219739288595 0.00288152462249467 2.46132137199533
0.0830000000000006 -0.069804266469446 -0.00176799437785249 2.46106499046555 0.0319747988031394 0.0194076661268773 2.43539807644981
0.0835000000000004 -0.0701182459280743 -0.00194100090105305 2.42703313408254 0.0349521540948175 0.02110878000812 2.39903262288714
0.0840000000000006 -0.0704474603107602 -0.00213852622650651 2.39398355012981 0.0375433235242157 0.00643657380854119 2.37214657384232
0.0845000000000006 -0.0707898799757 -0.00229014195528611 2.37591065703115 0.0204869131133906 0.0239564250305203 2.3536909058275
0.0850000000000006 -0.0710769444343068 -0.00249107434463389 2.34806832838278 0.0325071008569847 0.0143177525917032 2.32470927223344
0.0855000000000006 -0.0713766425394588 -0.00268715784987093 2.31762586845651 0.0361164968191276 0.013645364799103 2.29282752577215
0.0860000000000006 -0.0717185405989693 -0.00286907169746309 2.27118181559463 0.0382478789537985 0.0153146289001411 2.24448843429469
0.0865000000000005 -0.0720746503885947 -0.00305362991328108 2.23001643255544 0.0260664605153033 0.0179400037194539 2.20802441625625
0.0870000000000005 -0.0723991524816668 -0.00323916963967445 2.19624244088345 0.0379546275487657 0.0106875616637076 2.1720497126162
0.0875000000000005 -0.0727383429180768 -0.00339834620948668 2.16216665773124 0.0262061768951588 0.0183569302602898 2.1398959009687
0.0880000000000005 -0.0730409030667992 -0.00358677074871705 2.14233009568665 0.0162639719397919 0.0250338592100978 2.12169477381461
0.0885000000000005 -0.0732835023201703 -0.00380835039000271 2.12124645093095 0.0282741478524516 0.0151863254889256 2.09954680878098
0.0890000000000005 -0.0735465499743116 -0.0040010456746248 2.10515170805214 0.0304949039192552 0.0214397084232527 2.07919919066185
0.0895000000000005 -0.0738494782634571 -0.00420700698414107 2.07123364130763 0.0285971840022344 0.0222744729745039 2.04580514063342
0.0900000000000005 -0.0741476352737464 -0.00441392721185533 2.04248994148514 0.0343016198403008 0.00691288406118626 2.02202181426772
0.0905000000000007 -0.0744606823093519 -0.00456435162063324 2.02626122419842 0.0301800403922752 0.0104317453629011 2.00602823699516
0.0910000000000004 -0.0747886193592108 -0.00470260298316163 2.00087713583388 0.0306132467540388 0.0219983853046616 1.97458541442829
0.0915000000000006 -0.0751029347280397 -0.00488785650226599 1.97424355769911 0.0230213594211855 0.0213010347315682 1.95208292915342
0.0920000000000006 -0.075370005632861 -0.00510800383432787 1.95265746076072 0.0205646144680737 0.0247751306005084 1.92999103289177
0.0925000000000006 -0.0756280835192811 -0.00533366046658171 1.92792883351205 0.0358674154834251 0.00066359887136388 1.90990667349889
0.0930000000000006 -0.0759449085397629 -0.00547358728637784 1.90636255160228 0.026880308696802 0.0147118746971921 1.88559590787879
0.0935000000000006 -0.0762401518929781 -0.00562554060830531 1.89893677888947 0.0135688486138156 0.024704074596786 1.87982505244635
0.0940000000000006 -0.0764861138924494 -0.0058372775030883 1.87179800390814 0.0442151086491199 0.0160092402699939 1.8418478147366
0.0945000000000006 -0.0768124915342619 -0.00603257319289475 1.84058076274625 0.0306996457468718 0.0145431933986761 1.81801318659852
0.0950000000000005 -0.077139578404514 -0.00621035040653168 1.82281568087317 0.0171161968828805 0.0152381791234462 1.8066392249513
0.0955000000000005 -0.0773996552343158 -0.00638348976371741 1.81933163165957 0.0167060268613133 0.00935342516549229 1.80631312897425
0.0960000000000005 -0.0776372179030412 -0.00653675122482842 1.81949512197881 0.0301015899884746 0.0193780938892781 1.79477930683905
0.0965000000000005 -0.0779107806230823 -0.00671939122537185 1.81930547429137 0.0238904675902804 0.0205781470311232 1.79707345642683
0.0970000000000005 -0.0781841423946516 -0.00692643167766674 1.78634568675277 0.031722505231769 0.0123689887578116 1.76437954997782
0.0975000000000005 -0.0784876564446467 -0.00711879223101592 1.75895330140939 0.0302675027094831 0.0162363363854281 1.73574391608288
0.0980000000000005 -0.0788000810786032 -0.00730766633737972 1.71504343552701 0.0338380165566157 0.0144119081831698 1.69100216236671
0.0985000000000005 -0.0791403306949359 -0.00747838326880961 1.67813661876698 0.0358606677634544 0.0149043019963052 1.6528537757559
0.0990000000000007 -0.0794865989130077 -0.00766053830351386 1.64077927674225 0.0150867349356913 0.0296048116300308 1.61848234035253
0.0995000000000004 -0.0797432792745672 -0.00791633438015573 1.60743013212105 0.012262535826576 0.0211016031066187 1.59076648055951
0.100000000000001 -0.0799531575804892 -0.00815543095504199 1.60470143513127 0.0295714630218163 0.00679367195969116 1.58664149643314
