Strain_x Strain_y Strain_z Stress_xx(GPa) Stress_yy(GPa) Stress_zz(GPa) Stress_VM(GPa)
-3.19015650721794e-15 -3.06972953173078e-15 2.67775265223861e-16 0.632461519939846 0.284194127585856 -0.884376135597184 1.37616189269791
0.000499999999996636 -0.000923333227219685 0.00230594523891346 0.852388785410693 0.25226828062812 -0.127013111604415 0.855344103455192
0.000999999999996888 -0.00215436383340009 0.00346320588013456 0.914280017286067 0.0995373339575121 0.171061663437438 0.781439342253266
0.00149999999999671 -0.00310144652983218 0.0031824879350252 0.87129493835917 -0.0605952914194471 -0.00519348127424448 0.905461404664961
0.00199999999999697 -0.00332941827607058 0.00303162735574646 0.932227389132999 -0.0285197103595877 -0.0432277696535829 0.968184921126891
0.00249999999999679 -0.00334371704432372 0.00314284264230061 1.0575617765578 0.0628339212462593 0.0303490795757703 1.0113616306525
0.00299999999999662 -0.00367640423421516 0.00307632200164306 1.13818352955979 0.0374017695776705 0.0112328971972087 1.11409672398168
0.00349999999999687 -0.00410369302692756 0.00299293195344146 1.20580692490997 0.00470947183669664 -0.0266228168863392 1.21706611828607
0.0039999999999967 -0.0044321190054991 0.00306213197206102 1.2668026351857 0.0160536420216913 0.0050129362100031 1.25630573220192
0.00449999999999695 -0.00473359686593404 0.00308282589097985 1.35812374938443 0.0106081048221848 0.0207196125205483 1.34248845064465
0.00499999999999678 -0.00498410266320667 0.00297148622393404 1.4428263493008 -0.00430914410571099 0.00456149060036128 1.44272062926431
0.0054999999999966 -0.00517633592760732 0.0028694918780805 1.52328838727884 0.0322615788734394 -0.00137933343549576 1.50812869360556
0.00599999999999686 -0.0054983925549287 0.00282560818220519 1.5964107823649 0.0243889718016475 -0.00309976014122035 1.58594485699513
0.00649999999999668 -0.00586273834494426 0.00281528979981379 1.66941079179952 -0.00266800654254626 0.00218038156632056 1.66965988385938
0.00699999999999693 -0.00611099257503057 0.00279228675156334 1.74984565693523 0.0223677105359875 0.0109830204350117 1.73319833473855
0.00749999999999676 -0.00638676063710564 0.00272350929290107 1.81071428358026 0.0248598214394475 0.00328899294551192 1.79673699269207
0.00799999999999659 -0.00672053967163451 0.00265417139113332 1.86346026000444 -0.000988456429756691 0.00631628045577737 1.86080710125579
0.00849999999999684 -0.00695807894476718 0.0025904013155804 1.95791111021566 -0.00314992986693766 0.00953130153043242 1.95475127515649
0.00899999999999667 -0.00712004626656249 0.00251156512832052 2.04246010266211 0.0298577861882786 0.00610385190333162 2.02458379842305
0.00949999999999692 -0.00739438852712918 0.00242454933330018 2.10312255707532 0.033337737866266 0.00209284602313305 2.08558280677351
0.00999999999999674 -0.00779142036932056 0.00237137870166491 2.14118542717777 0.0202440994779263 -0.0136229462983098 2.13807602983821
0.010499999999997 -0.00818648017504288 0.00240267124143962 2.21609933812862 -0.00432781873105684 0.00271944540073765 2.21691192567316
0.0109999999999968 -0.00845505875119722 0.00239747507595881 2.28794786372665 0.0066290603023616 0.0164519933388541 2.27642323196495
0.0114999999999966 -0.00867808764531016 0.00228766172565364 2.3648420693428 0.0168841922592113 0.00935446441069039 2.35173178172482
0.0119999999999969 -0.00892122140337196 0.00215803834251788 2.43230465569733 0.00640047793978399 -0.00215306519585538 2.43019223906033
0.0124999999999967 -0.00916423909687764 0.00208958093889257 2.49628345902382 0.0321483869097162 -0.0108403278907129 2.4859082209663
0.012999999999997 -0.00952047445475724 0.00208014394832441 2.52912271034843 0.0244784144398979 0.0133746760194033 2.51021458388167
0.0134999999999968 -0.00988660252670456 0.00200141412627419 2.59613237006519 -0.0161900158357034 0.0101878429250876 2.59923384257338
0.0139999999999966 -0.0100771727385879 0.00189673126643708 2.67671778465487 0.00465419825700541 0.00147828604515749 2.67365295720044
0.0144999999999969 -0.0102763838877662 0.00182356129688556 2.74115965869081 0.0392078091918492 0.00174081551472135 2.72087882594708
0.0149999999999967 -0.0106423566966102 0.00176661131743816 2.76892978519524 0.0210608019493422 -0.00151243501675629 2.75922485452392
0.015499999999997 -0.0110164374000936 0.0017195658664015 2.82911761352618 -0.0088569830516669 0.00353689312191032 2.83179800007946
0.0159999999999968 -0.0112596473325242 0.00167561365890084 2.88581102748948 0.00896951914559632 0.00851098638841969 2.87707080212694
0.0164999999999966 -0.0114777582579907 0.00159862966308712 2.96723255098811 0.010429573672805 0.0234855926155315 2.95029663434197
0.0169999999999969 -0.0117126892657313 0.00144866472171916 3.03688064934377 0.0190251644410309 -0.0181705746833513 3.03662421384308
0.0174999999999967 -0.01199087587456 0.00142925778233319 3.09528263123583 0.0294867006447585 -0.00471246403178477 3.08303777641279
0.0179999999999969 -0.0123597867933733 0.00143379518595118 3.14216852549672 0.0177055135044858 0.0220949005859928 3.12227063247968
0.0184999999999968 -0.0127370205505668 0.00132303292298638 3.1793028667859 -0.00245853468136957 0.00174348354999371 3.17966247476165
0.0189999999999966 -0.0130090309891311 0.00123108716956505 3.22884475093277 0.0108472547823097 0.00240193932351999 3.22222845443715
0.0194999999999968 -0.0132810433270246 0.00117423932739339 3.28323420474916 0.023506629367291 0.00883805654385446 3.26708655900906
0.0199999999999967 -0.0135994997263861 0.00108513534117067 3.33917945181054 -0.000217442467828829 0.00662693797967665 3.33597997000133
0.0204999999999969 -0.0138370200571647 0.00095983019755313 3.38449919921357 0.00413148702347304 0.00273911192965416 3.3810641147627
0.0209999999999968 -0.0140476843392771 0.000856768755227695 3.44710153143656 0.0276446011368877 -0.00586305880015659 3.43633328730476
0.0214999999999966 -0.0143551638071424 0.000828718170168908 3.50096271994299 0.0264793907735606 -0.00635927367088126 3.49101850105713
0.0219999999999968 -0.0147465311662348 0.000834938973101182 3.53441993109665 0.0192000792546697 0.0107137841510713 3.51947067284347
0.0224999999999967 -0.0151410155016723 0.000768487570499895 3.5471028859272 0.000876597835410831 0.0160305115788763 3.53867366680942
0.0229999999999969 -0.0154390858965872 0.000643185377507239 3.58613845537618 -0.00473965826862223 -0.00866043885885825 3.5928401084356
0.0234999999999967 -0.0156515376785868 0.000590187732399442 3.6476641396699 0.0209672478115604 0.00411126457001383 3.63515419365084
0.0239999999999966 -0.0159067693501356 0.000523966072405169 3.71934116364621 0.0255515837873352 0.00489240324967604 3.70416237870492
0.0244999999999968 -0.0162329392828592 0.000434352857412305 3.75606767723793 0.0126005968825334 0.00593905665669225 3.74680229187005
0.0249999999999966 -0.016568904983448 0.000348785764027339 3.79094356481507 0.00543665910446151 0.0021294976431098 3.78716156944088
0.0254999999999969 -0.0168573385691529 0.000276609904691109 3.81766326593937 0.0137335503875451 -0.000194003334213722 3.81091258008866
0.0259999999999967 -0.0171406333899412 0.000219138766456896 3.86616499590782 0.0290789312662671 -0.000185130935647831 3.85180147178859
0.0264999999999966 -0.0174755723230605 0.000165190114501867 3.90311060068104 0.0109460231402052 0.0142671078502405 3.89050509831305
0.0269999999999968 -0.0177852850384263 5.34202812214478e-05 3.94691296442928 0.0105430455681471 0.00120380543569825 3.94104783825868
0.0274999999999966 -0.0180756973413944 -4.07484923871706e-05 3.96887026252763 0.0300545507771671 -0.000202857750672773 3.9540312439344
0.0279999999999969 -0.0184366824460778 -8.89537039217634e-05 3.99338909511478 0.0207553115741058 8.67767318655555e-05 3.98300827092184
0.0284999999999967 -0.018816467427037 -0.000134479519933512 4.02971694410371 0.0162290552991986 0.00539046779257195 4.01891814400956
0.0289999999999965 -0.0191564644436995 -0.000203011778898431 4.05934918696104 0.00655183248404631 -0.000523162077810889 4.05633947929004
0.0294999999999968 -0.0194370355251875 -0.000265862920362552 4.1016278880231 0.0226473128832431 0.00671246323334972 4.08697129840562
0.0299999999999966 -0.0197573334353586 -0.000344699474474271 4.13163540132647 0.0169070197134441 0.00761035563671129 4.11938458145699
0.0304999999999969 -0.020088692179564 -0.000438736964159454 4.15981063364482 0.0197361060253726 -0.00195809329439223 4.15096414517499
0.0309999999999967 -0.0204253988653346 -0.000497117848843475 4.18711901655198 0.0187796385188958 -0.000727487762510578 4.17812709489169
0.0314999999999967 -0.0207830498959874 -0.000534741819632824 4.2118224205052 0.0187359547331403 0.00844088707178494 4.19824346682443
0.0319999999999968 -0.0211521269294823 -0.000590854888598427 4.23319704265734 0.0255564472111503 -0.00491091421362169 4.22295670677855
0.0324999999999966 -0.0215298236373842 -0.000634258645951931 4.24882819538074 0.0111675703497309 0.0109804442130106 4.23775419119796
0.0329999999999968 -0.0218608153255598 -0.00072824540176773 4.28736317535694 0.0144004308165732 0.00363182659551006 4.27835721085957
0.0334999999999967 -0.0221658371101174 -0.000827389390734391 4.31498806777537 0.0172411104447378 0.00412248282663163 4.30432126467871
0.0339999999999969 -0.0224789239439887 -0.000899017694262589 4.3517580669374 0.0158685028946419 -0.0029310267210327 4.34531982921375
0.0344999999999968 -0.0227871270831874 -0.000954575472850248 4.37818945634646 0.0230235024315714 0.0133814882813281 4.35999495714508
0.0349999999999966 -0.0231147143547343 -0.00105880468358731 4.40064751712108 0.0204571074186029 -0.00896335318009175 4.39497449459207
0.0354999999999968 -0.0234565625747208 -0.00110889437089278 4.41962462287542 0.0191175249804668 -0.000150114836673474 4.41017248487437
0.0359999999999967 -0.023795553471811 -0.00115450108155134 4.44139548298947 0.0188940195157442 0.00566997790387869 4.42912829042977
0.0364999999999969 -0.0241561483107916 -0.00123301167423986 4.45602433082898 0.0221764942298224 0.0119469974614013 4.43897142509786
0.0369999999999967 -0.0245411701147521 -0.00135449626440053 4.44969831235565 0.0117372590954397 -0.00194590097543227 4.44481842943039
0.0374999999999966 -0.0249012295200795 -0.00142066160020718 4.46887600142364 0.0187167470235568 -0.00965774525943603 4.46441412850075
0.0379999999999968 -0.0252359689260345 -0.00142103967305743 4.4947191709866 0.0231390911643065 0.0197736002522191 4.47326377479732
0.0384999999999966 -0.025575223539039 -0.00152006313947029 4.50917760747977 0.0169138299216259 0.0185231394107905 4.49145933904705
0.0389999999999969 -0.0259057019874493 -0.00166681792279374 4.51700906917755 0.0175444340965735 -0.0068657433099522 4.51171924980734
0.0394999999999967 -0.0262342966920595 -0.00173089562644368 4.54702269094416 0.0194649594296261 0.00289318815596383 4.53586632154819
0.0399999999999965 -0.0265637686903561 -0.0017899090118536 4.5531927615588 0.0172596452117903 0.0180504540593432 4.53553776362978
0.0404999999999968 -0.0268938311963588 -0.00192966595377337 4.54934041502123 0.0312092369523506 0.00453521340658925 4.53152706967495
0.0409999999999966 -0.0272748149930116 -0.00204181875227435 4.54673968084382 0.0144586961532262 -0.00862119456526223 4.54386489184875
0.0414999999999969 -0.0276415206370848 -0.00206430548107059 4.55177714675357 0.0254408114384289 0.0148152803766419 4.53165844361989
0.0419999999999967 -0.0280341902869925 -0.00212927222883304 4.56288779974734 0.0234150943175103 0.0137063136271711 4.54433487418255
0.0424999999999965 -0.0284287909242479 -0.00224224674462402 4.54716076100972 0.0236160709744633 -0.00536314616786501 4.53810369445189
0.0429999999999968 -0.0288389439033209 -0.00231006043244088 4.52930023361355 0.0281971543035461 0.0129681285681871 4.50873688170325
0.0434999999999966 -0.0292803132004802 -0.00239131151473767 4.50775357663957 0.0156363280680834 0.00451079109198203 4.497690337166
0.0439999999999969 -0.0296622359765095 -0.0024789620369616 4.51564727970019 0.00911468801163997 0.00135002754126024 4.51041993448243
0.0444999999999967 -0.0299812021540773 -0.00256512184727676 4.52892642005163 0.0213966153112198 0.00833782018341124 4.51407336903222
0.0449999999999965 -0.0303173762001261 -0.00266175018807865 4.528436480855 0.0301032702345245 0.00104621150578417 4.51293189830243
0.0454999999999968 -0.0307267752830013 -0.00272252886309862 4.5395200516576 0.0244953337253955 0.00656755945947406 4.52401524672244
0.0459999999999966 -0.0311420879578464 -0.00279445508329298 4.53551093520127 0.0119063112616209 0.00806467926329386 4.52552666284662
0.0464999999999968 -0.0314780637381658 -0.00289930977370121 4.54335264488326 0.0171633187416777 0.00113440567912803 4.53422503161735
0.0469999999999967 -0.0318321413621742 -0.0029850572596126 4.530695199659 0.0373927445828776 0.000351798921395899 4.51193696282735
0.0474999999999965 -0.032275811211036 -0.00304684203588221 4.52193668524796 0.0196265249189403 0.00319435301559944 4.51054869506938
0.0479999999999967 -0.0326884088237189 -0.00310744950896322 4.49793849636181 0.0224586029170167 0.01193776118873 4.48074957795639
0.0484999999999966 -0.0330683827364961 -0.00321275559475451 4.49042370279182 0.0178742819281302 0.00414129600671725 4.47943170225867
0.0489999999999968 -0.0334024699734306 -0.00332637408542839 4.49604605098378 0.0129149653168738 0.0039183576095397 4.48763615302104
0.0494999999999967 -0.0336928952732738 -0.003417176059353 4.50157528133306 0.0190291081781226 0.00368585583064831 4.49023745997386
0.0499999999999967 -0.0340260593212481 -0.00351447932746373 4.49589902245867 0.0468996299093844 0.00944579779630963 4.46784405063153
0.0504999999999967 -0.0344974884769987 -0.00362306718955657 4.48316287559756 0.0232110619724148 -0.00481666197341658 4.4740315188219
0.0509999999999966 -0.0349281094840781 -0.0036767003809123 4.47751375862778 -0.000114747200337106 0.00485784040704991 4.47514428402186
0.0514999999999968 -0.0352236925833925 -0.00375191632134518 4.49524604368826 0.0223914150565915 0.0105725886019739 4.47877573742457
0.0519999999999966 -0.0355509901485119 -0.00387554569631311 4.47931857639886 0.0426483005773763 0.00843179640062496 4.45387710343915
0.0524999999999967 -0.0359842258810844 -0.0040020813321053 4.45579161151271 0.00909127563238729 -0.00149147029121234 4.45200114234964
0.0529999999999967 -0.0363318922053678 -0.00408765641202559 4.46197131848202 0.0100638388714089 0.00601506459903247 4.45393324692372
0.0534999999999965 -0.0366270047082148 -0.00417346832214335 4.47416312473363 0.0325770856042474 0.00822387893502907 4.45381257850105
0.0539999999999968 -0.0370112454348232 -0.0042868672318318 4.45324738514726 0.0295687749658401 0.00133513262699696 4.43786279017707
0.0544999999999966 -0.0374318690097682 -0.00438680941435208 4.4184226570717 0.0250624602494186 0.00239971987666615 4.40473529287835
0.0549999999999967 -0.0378438146463619 -0.00447737804963652 4.38205619306585 0.0354751774351103 0.00647126837984029 4.36115530480866
0.0554999999999967 -0.0382679250752453 -0.0045894662422523 4.36189345951541 0.0169500724376048 0.00701063035823897 4.34992162487486
0.0559999999999965 -0.0386344771015755 -0.00470622094859518 4.35278175695073 0.0160923863395647 0.00297932378658208 4.34326074839757
0.0564999999999968 -0.0389512741018152 -0.00482665182209148 4.35093222184044 0.0133201177283111 0.0126864843581484 4.33792895550484
0.0569999999999966 -0.0392347369251466 -0.00499562102989699 4.34343542012784 0.0310898297186587 0.00282112007508744 4.32654920883196
0.0574999999999966 -0.0396102880904955 -0.00513020848952284 4.31395646350544 0.0317589486331483 -0.00306785585697979 4.2997167021012
0.0579999999999967 -0.0400547242845925 -0.00521183017986655 4.27109746638989 0.0248480051815436 0.0112145373056913 4.25308258371275
0.0584999999999965 -0.0404855160631596 -0.00532569637903642 4.23591742168733 0.0172157110598364 0.0195553107832782 4.21753239745977
0.0589999999999968 -0.0408595658302384 -0.00547581866721906 4.20029502467057 0.0252717905792183 -0.0041932543215209 4.18983346221872
0.0594999999999966 -0.0412231653053472 -0.00557044764335995 4.18435951820629 0.0214611138172491 0.0101979692735054 4.16854138880009
0.0599999999999966 -0.0415949303083118 -0.00567152373521964 4.16641903674302 0.0344839946051824 0.00796155384996198 4.1452598995322
0.0604999999999967 -0.042009536548339 -0.00578802591219194 4.14250317690359 0.0204915563355661 0.00358722250195812 4.13048973090362
0.0609999999999965 -0.0423783285231502 -0.00589805568129029 4.12795469647985 0.00281936436641967 0.0255247988690069 4.11382960936752
0.0614999999999967 -0.0426554403669617 -0.00609830584299755 4.10696187858358 0.0132309849862995 0.0206104647273286 4.09004614664914
0.0619999999999966 -0.042935948191343 -0.00632477619236594 4.09491224515721 0.0371261801479984 -0.00427412766327834 4.07864380977225
0.0624999999999968 -0.0433172415452882 -0.00643884808018503 4.08222176836295 0.0270437502585543 -0.00950917402122814 4.07357748052339
0.0629999999999967 -0.043723904642417 -0.00647924769756038 4.05950876325529 0.0206071835508961 0.0174558532553346 4.04047816654541
0.0634999999999965 -0.044112732588521 -0.00658556251929328 4.03683099351887 0.0311595725635087 0.00845367263731378 4.01707249934221
0.0639999999999967 -0.0445284632943608 -0.00671977638786513 4.00177165923564 0.0159161748492834 0.00577042729607839 3.99093803035506
0.0644999999999966 -0.0449031445701356 -0.00685435661339532 3.9665992241569 0.0205565405044969 0.0034933139208887 3.95460190604919
0.0649999999999968 -0.0452406253851863 -0.00696190749735439 3.96329571869904 0.0167427583004626 0.00731061319491527 3.9512774763083
0.0654999999999966 -0.0455798342846858 -0.00706840577087423 3.93302644033881 0.0351129902227976 0.0125282849417778 3.90925473204161
0.0659999999999965 -0.0459931055923025 -0.00719642965100456 3.89621513766596 0.0324781361560678 0.00436917223431247 3.87786789030622
0.0664999999999967 -0.0464149228733685 -0.00730683616113071 3.85721587693183 0.0224039227433635 0.00779495929539359 3.84213726634908
0.0669999999999965 -0.0468042643431834 -0.0074217719747775 3.80969220611977 0.021702903000089 0.0165671484998791 3.79055978974526
0.0674999999999968 -0.0471747402567463 -0.00757190048121445 3.78790701902376 0.0227674386442839 0.00797068738208147 3.77255971953081
0.0679999999999966 -0.0475424832030327 -0.00770354844676595 3.76992712514904 0.0386743041294664 -0.00716867960402949 3.754384231256
0.0684999999999967 -0.04796042511851 -0.00777429585191927 3.74584047338365 0.0145618355916772 0.015495013385314 3.73081213642511
0.0689999999999967 -0.048309061287623 -0.00790035528767939 3.73990543663677 0.0131647346316511 0.0153511800363715 3.72564796048186
0.0694999999999965 -0.0486281418096197 -0.00807336952281914 3.71299495218179 0.0389388085663408 0.00831232464565342 3.68946472396226
0.0699999999999968 -0.0490325258903921 -0.00820511945405103 3.68765483834814 0.0292625104593617 -0.0101310111781067 3.67824730430534
0.0704999999999966 -0.0494387443289517 -0.00825240647943223 3.66791269198447 0.0135089249177242 0.0165714970383466 3.65287344388019
0.0709999999999964 -0.0497802108270547 -0.00838039937245397 3.64169817698334 0.0265154804368513 0.0120068028892939 3.62245882670225
0.0714999999999967 -0.0501208088274933 -0.0085452753694131 3.61785534781984 0.017465701937433 0.00864654168544695 3.60480731704503
0.0719999999999965 -0.0504717354329766 -0.00867969813913751 3.58233128071621 0.0425796881348729 0.00455639674000101 3.55891558120459
0.0724999999999968 -0.0508857110918739 -0.00879645804635418 3.54730375321402 0.0108177220520412 0.0110913591396756 3.53634922055826
0.0729999999999966 -0.0512265352497112 -0.00893902296957342 3.54293994403649 0.017293503087941 0.00356356271163005 3.53253142282671
0.0734999999999966 -0.0515551967105442 -0.00907273099720124 3.52443728261715 0.0332366641563582 0.00676622175316669 3.50451081715423
0.0739999999999967 -0.0519490855585823 -0.00918518446843633 3.4942864694735 0.0296186607702723 0.00651348351734017 3.47627798625526
0.0744999999999965 -0.0523389094825172 -0.00931877173860289 3.47252523157875 0.00526359181949733 0.0192167313126652 3.46030616901581
0.0749999999999967 -0.0526341295883877 -0.00951839177454587 3.45130554970978 0.0200608352969501 0.00285828462402518 3.43987825060808
0.0754999999999966 -0.0529407106982071 -0.00968883497338786 3.42215312025162 0.0220219185132487 0.00483528989972575 3.40875701120503
0.0759999999999966 -0.0532823152400967 -0.00982089001028354 3.41285573032373 0.0239453801209168 0.00528161583268593 3.39828067142479
0.0764999999999966 -0.0536280644190519 -0.00994649371226805 3.38569892613952 0.0158759484589481 0.0214285464958221 3.36705011245726
0.0769999999999965 -0.0539556948714483 -0.0101312675670379 3.36090668399467 0.029723991282721 0.00641949023681621 3.34289586773789
0.0774999999999967 -0.0543133895795058 -0.0103120916193144 3.32100620661849 0.0194787070870856 0.00347587197803102 3.30955793438892
0.0779999999999965 -0.0546585157896117 -0.0104478097160904 3.31123762288142 0.0201420950116285 0.00619669990518954 3.29809033761636
0.0784999999999966 -0.054969311349438 -0.0105897703899358 3.30050204988731 0.0204597528561508 0.0117157362545603 3.28442303493916
0.0789999999999966 -0.0552785900962264 -0.0107630645921133 3.270901487462 0.0331743149939704 0.0115817195497009 3.2485772911399
0.0794999999999965 -0.0556404847153318 -0.0109408749483905 3.23668788940086 0.0236179280419784 0.00219281209090517 3.22383591528187
0.0799999999999967 -0.0559875937030055 -0.0110812304149623 3.22001758492368 0.00918032200363634 0.00672705622918248 3.21206459845273
0.0804999999999965 -0.0562738903981795 -0.0112224653516426 3.19696331493656 0.0292168061190597 0.0147827447097095 3.17498814704744
0.0809999999999966 -0.056599461745382 -0.0114136994375183 3.16987413787296 0.0341971309940544 0.00450242832733878 3.15062931225075
0.0814999999999966 -0.0569787742701443 -0.0115809819274293 3.12944729454978 0.0196068373487217 0.00468579736001288 3.11732775955613
0.0819999999999964 -0.057333915566215 -0.0117431884858351 3.08135959684645 0.0110186108927446 0.0153760459246335 3.06816458911434
0.0824999999999967 -0.0576424694060714 -0.0119403676834725 3.04933960955437 0.0217559934089109 0.0044844332804221 3.036256239518
0.0829999999999965 -0.0579517037006382 -0.0120990596629494 3.02887089440937 0.0143952056438345 0.00834707148849308 3.01750430181282
0.0834999999999966 -0.0582493070830638 -0.0122503432923889 3.01281894668809 0.026866006842082 0.0150324753547756 2.99188725716324
0.0839999999999966 -0.0585651629470079 -0.0124316301407305 2.98665694250322 0.0266659281908204 0.00999690916116505 2.96836062626338
0.0844999999999964 -0.0589090647945331 -0.0126042443762941 2.96254613837113 0.0182179348167088 0.00249487896056287 2.95222113357634
0.0849999999999967 -0.0592553702823605 -0.0127558713911313 2.92961035862483 0.0156424471519282 0.0184568235523233 2.91256174308575
0.0854999999999965 -0.059566806034388 -0.0129309152051587 2.91339833933171 0.00521090598676877 0.00820894318511088 2.90668957434184
0.0859999999999968 -0.0598347968812978 -0.0130926189944689 2.89034899222051 0.0333816234546647 0.0166986816538297 2.86534526489915
0.0864999999999966 -0.0601783372142744 -0.0132701693492149 2.86496670450856 0.0175157344997934 0.00605883623303624 2.85319667096482
0.0869999999999964 -0.0605075186007486 -0.0134191793414389 2.84780003907736 0.0107039069980916 -0.000190678102878722 2.84255908292057
0.0874999999999967 -0.0607699445277987 -0.0135471769980218 2.84508444062874 0.0132495460992795 0.0243754878324813 2.82628834806705
0.0879999999999965 -0.0610313834341642 -0.0137639732194813 2.82080535735943 0.0344121729177993 0.0214259456965408 2.79290894148397
0.0884999999999967 -0.0613781019699223 -0.0139955184245259 2.80175347943769 0.0162713084426152 -0.00748369999889148 2.79743532147629
0.0889999999999966 -0.0617102182118621 -0.0141192217542066 2.78330768972316 0.0112125233722799 0.0108852554246042 2.77225881481258
0.0894999999999964 -0.0619946289555309 -0.0142628941667442 2.76371523590468 0.0171730702084725 0.0318874845456103 2.73921459957339
0.0899999999999966 -0.0622856361902655 -0.0145038199285033 2.73561293084982 0.0287495819257545 0.00760460778084799 2.71749753545551
0.0904999999999965 -0.0626199461715261 -0.0146986795512282 2.70602390381527 0.0157178923414503 -0.00916432905079575 2.70283302297866
0.0909999999999967 -0.0629467145577394 -0.0148045052867451 2.68082597026546 0.02253138540343 0.0123210771785543 2.66341441712791
0.0914999999999965 -0.0632667838883776 -0.0149596335779386 2.66495121348078 0.00393661286503322 0.0311550729250837 2.64751030774805
0.0919999999999966 -0.0635372761124513 -0.015196785907909 2.63530213125231 0.0219774197284199 -0.000117030443089332 2.62444169019061
0.0924999999999966 -0.0638418897795008 -0.0153666357512195 2.62098284834326 0.0328911301032482 -0.00583444643820562 2.60767017780854
0.0929999999999964 -0.0642127440679753 -0.0154844037017022 2.59796677160134 0.0103199081371983 0.0215961557697475 2.58202720685481
0.0934999999999967 -0.064533112258037 -0.0156766517634917 2.56838898603623 0.0221123564141624 0.0144742852680485 2.55010424428985
0.0939999999999965 -0.0648566694728015 -0.0158744583945979 2.53348447009801 0.0241612768400603 -0.00540929123735185 2.52423838395528
0.0944999999999966 -0.0652136914499823 -0.0160128541688947 2.48935378425538 0.0168985308635765 0.0154838100535945 2.47316291726979
0.0949999999999966 -0.0655287351809066 -0.0161912376087 2.46355775962591 0.0133954667461856 0.0109028389081932 2.45140955725109
0.0954999999999964 -0.0658223819808725 -0.0163738079046534 2.44002962756052 0.0286633439496579 0.00910748859712703 2.42120344363254
0.0959999999999967 -0.066158451688616 -0.0165413051491564 2.41737746214385 0.0236807245475507 0.00238298960851024 2.40441634991415
0.0964999999999965 -0.0665035379382875 -0.0166678082085318 2.39516226151653 0.0287059477039621 0.00234796525981045 2.37974478513899
0.0969999999999965 -0.0668654530403289 -0.0167702756092128 2.37306694118061 0.0097417718251688 0.00801396352615336 2.36418954702691
0.0974999999999966 -0.0671714699958047 -0.0169005488909963 2.35121536314443 0.0158118886429267 0.0230102328173491 2.33181263545701
0.0979999999999964 -0.0674569225520883 -0.0171106489582952 2.3243407723844 0.0143633770114468 0.0108729274810691 2.31172459646187
0.0984999999999967 -0.0677184269982088 -0.0173212947622681 2.31209521465751 0.0129873496164632 0.0143958585938059 2.29840393423857
0.0989999999999965 -0.0679381896277451 -0.0175081660182303 2.31846325700146 0.0173844589430987 0.00367561039281801 2.30796375797956
0.0994999999999965 -0.0682158360075732 -0.01767559816761 2.28737375121791 0.0457925506719485 0.010436473587825 2.25946671773334
0.0999999999999966 -0.0686201708254776 -0.0178301937917082 2.25437071655919 0.018813271105402 -0.00033376356592139 2.24519219595526
